340
344
155
304
402
373
99
67
474
465
397
375
222
334
117
115
500
246
467
275
390
492
474
391
378
415
398
350
447
295
429
333
22
198
431
390
316
444
231
53
450
332
370
81
341
303
218
100
75
398
483
70
215
434
47
77
400
290
315
445
383
401
461
291
240
306
235
40
247
325
194
181
152
442
15
261
78
62
304
255
349
4
307
194
365
492
128
167
111
74
275
426
360
312
447
110
151
463
100
138
155
388
6
214
289
467
65
447
130
361
254
263
238
450
384
72
237
422
256
430
472
89
149
406
395
265
343
216
400
241
382
365
5
221
491
394
482
439
133
137
149
233
331
306
237
215
92
325
274
318
306
477
146
252
98
412
404
166
311
369
179
62
142
210
309
291
409
198
260
121
326
136
404
309
73
208
405
457
71
414
33
40
291
8
390
234
395
216
170
251
256
343
324
72
322
155
379
359
318
225
214
252
32
499
104
168
178
311
344
368
38
44
385
414
304
230
405
145
274
346
167
155
266
160
327
133
240
22
461
20
290
79
36
283
66
47
374
170
75
167
162
270
88
383
54
326
246
78
201
46
437
265
373
140
359
350
456
265
320
122
390
50
237
103
72
1
178
142
186
223
298
433
23
453
49
56
342
44
363
447
418
178
464
120
482
226
131
377
198
277
429
268
449
130
407
330
201
73
3
370
185
90
495
26
293
391
474
18
62
59
442
26
465
54
120
87
305
241
491
124
239
25
89
138
272
125
393
395
37
20
60
39
96
277
416
308
251
93
477
422
236
383
310
145
473
340
437
188
251
296
276
306
162
176
20
343
55
362
1
82
326
497
492
359
13
13
409
411
360
11
440
441
136
65
179
417
259
354
181
204
368
275
402
136
238
131
375
231
132
436
475
202
192
135
425
234
94
424
343
218
486
175
301
325
327
349
79
19
289
76
363
356
458
115
455
15
243
316
468
112
487
376
247
312
60
298
113
427
446
391
229
101
463
464
310
216
293
499
281
481
58
64
165
414
449
210
141
219
68
35
276
187
255
29
23
339
303
182
465
190
194
351
455
497
500
139
19
413
90
165
180
75
489
328
203
390
26
432
126
316
144
323
322
495
258
349
273
179
400
71
442
370
18
97
473
473
67
428
399
395
