41356
77516
32019
25591
85194
40999
75066
17676
49988
79948
90527
37005
73253
17861
40278
14596
62641
14234
55156
13058
26068
21653
61094
69432
51625
49348
73501
94860
66502
68987
53728
79777
54416
17737
40531
39992
35731
23392
94790
15202
47333
38160
20397
92602
73344
59909
91853
41606
70586
61592
99930
53943
40745
95985
74613
51926
55955
49272
84890
73609
73364
67576
72134
74296
70472
74730
85318
62227
98701
59425
96255
46206
27891
71900
30390
46945
55972
15145
30531
68035
57429
80085
99013
63444
91831
69290
21938
44954
60644
80915
19207
15533
75908
87090
35133
74999
26524
52587
60824
83427
36512
59437
75981
21213
53723
46445
37713
81936
35909
69567
27740
91998
12485
81052
61361
57903
49568
86314
16526
25784
29945
26585
86816
41872
76002
38461
76177
17321
67078
91686
21029
81129
43666
62609
61344
51993
90312
11249
22337
36245
45484
45124
48671
72030
91389
56550
73129
92991
11355
12866
91986
52852
26720
39182
41021
19637
81283
14833
88411
23403
91363
89866
15180
42835
93868
51243
46581
42189
22431
13674
90209
83986
89431
69361
75925
40387
14931
43553
82531
25330
39500
14717
24718
70983
96650
10435
56804
68066
90482
72997
70914
61516
16416
78782
52578
66627
74978
98830
80827
51524
36433
50982
58075
36559
67342
97397
56262
54236
93589
73069
45280
26503
58825
91155
23869
78959
81185
56237
60707
15553
56875
44290
17619
40910
78790
48335
72939
26093
54304
79881
53741
54455
65728
26335
74579
38564
54722
65795
67389
76658
99378
43712
54833
25185
96771
33388
94273
58812
36844
74763
72171
41694
16518
10890
90758
81220
95203
22114
90591
41142
74875
86731
52945
86015
30050
27487
52780
80678
78116
67368
11862
83333
20692
91408
71581
33876
14230
69232
79096
29317
46337
52855
50324
38019
52471
47107
57257
39863
94341
46346
35268
97565
43483
44118
88276
12524
84155
85485
78597
34585
35424
59144
38956
93314
92332
70331
55915
95907
60599
27640
23209
89366
39103
24716
91033
75069
10460
71613
95500
77326
65587
24276
14662
76072
98019
85771
16148
44092
88661
30334
41003
82788
89570
53488
91942
72501
64796
65679
77266
95927
95881
42105
25796
47334
44037
90732
63287
39516
46155
15832
10390
19805
35245
20074
66922
38344
66666
13331
55346
81327
31861
30678
15320
50076
96871
59747
20373
74788
87041
16023
93267
23352
48374
61269
44392
62935
71455
79310
53131
90890
54541
74302
81627
64369
83330
74263
95261
84474
43519
31239
60736
45707
60492
65441
66557
77446
65413
75514
28564
23955
21573
19741
35123
33055
74088
47207
59022
88603
25714
10612
92979
29238
98265
16848
49730
21663
72763
10439
49146
71697
40368
97359
26186
58759
81517
13019
88616
43136
10204
25436
14150
25188
23563
25048
85784
28476
72212
75763
87737
76703
76330
81461
98443
35759
66713
87382
79911
33811
19349
41642
96061
35059
68383
63121
69418
25176
85830
86736
32685
51086
23307
98674
16671
77539
19976
22851
13852
94353
36048
87850
39896
70078
19405
52552
95003
62219
13579
46247
85264
60271
80573
98082
47614
23081
19830
38127
10266
98539
39036
98937
15323
36858
76995
44254
94976
82314
71385
17102
85802
58207
